#variant	VAF_Ill	VAF_PB	VAF_mean_AdxBLT	VAF_mean_SimBLT	RGN	insilico100X	insilico200X	insilico300X	insilico400X	insilico500X	bcm_colo829blt50_illumina_400x	broad_colo829blt50_illumina_160x	nygc_colo829blt50_illumina_200x	uw_colo829blt50_illumina_350x	washu_colo829blt50_illumina_500x
chr1:14358986:AT:A	0.0	0.014815	0.029517	0.0	Extreme	0.0	0.0	0.0	0.0	0.0	0.026639	0.042105	0.022901	0.03125	0.024691
chr1:32919520:AT:A	0.0	0.0375	0.154385	0.0	Difficult	0.0	0.0	0.0	0.0	0.0	0.141104	0.165957	0.162963	0.152709	0.149194
chr1:79835971:AC:A	0.004566	0.00578	0.145168	0.00805	Difficult	0.0	0.009132	0.0125	0.009238	0.009381	0.14	0.15625	0.11985	0.154079	0.15566
chr1:96111722:AT:A	0.0	0.041958	0.217818	0.007322	Easy	0.0	0.0	0.014837	0.010941	0.01083	0.250531	0.216667	0.189655	0.209549	0.222689
chr1:166617704:AC:A	0.0	0.0	0.071358	0.0	Easy	0.0	0.0	0.0	0.0	0.0	0.075503	0.044444	0.080292	0.069767	0.086785
chr1:173094889:TG:T	0.0	0.0	0.079414	0.000279	Easy	0.0	0.0	0.0	0.0	0.001395	0.083176	0.135294	0.056391	0.06424	0.057971
chr1:188898170:CA:C	0.0	0.04	0.085296	0.0	Easy	0.0	0.0	0.0	0.0	0.0	0.090909	0.100503	0.062718	0.081006	0.091346
chr1:191824715:TATAC:T	0.003597	0.0	0.049652	0.0	Extreme	0.0	0.0	0.0	0.0	0.0	0.066879	0.013699	0.051282	0.054545	0.061856
chr1:242700742:AC:A	0.0	0.007634	0.078008	0.001251	Easy	0.0	0.0	0.002632	0.002008	0.001613	0.082051	0.059701	0.085603	0.072289	0.090395
chr2:182926:TTCTCAGATTCATA:T	0.0	0.0	0.029763	0.0	Easy	0.0	0.0	0.0	0.0	0.0	0.030132	0.008696	0.036765	0.03527	0.037951
chr2:2793875:GCA:G	0.0	0.0	0.07301	0.001138	Easy	0.0	0.004115	0.0	0.0	0.001575	0.076792	0.074419	0.082781	0.063877	0.067179
chr2:6062553:TCCATAG:T	0.0	0.0	0.071038	0.001342	Easy	0.0	0.0	0.002907	0.002151	0.001653	0.060491	0.086957	0.061224	0.065217	0.081301
chr2:16427279:TCTTC:T	0.0	0.0	0.077478	0.001384	Easy	0.0	0.0	0.003021	0.002151	0.001748	0.079848	0.090909	0.085106	0.082447	0.04908
chr2:36051679:CCT:C	0.0	0.0	0.066367	0.0	Easy	0.0	0.0	0.0	0.0	0.0	0.069444	0.04878	0.07	0.07371	0.069903
chr2:51598105:AT:A	0.0	0.037383	0.044426	0.001494	Easy	0.0	0.0	0.003195	0.002387	0.00189	0.043088	0.054726	0.04	0.036697	0.047619
chr2:64137486:TG:T	0.0	0.0	0.061572	0.003382	Easy	0.008696	0.004367	0.0	0.002151	0.001698	0.057866	0.065789	0.037559	0.056738	0.089908
chr2:88860235:AT:A	0.0	0.022346	0.133397	0.00206	Extreme	0.0	0.0	0.004329	0.003333	0.002639	0.103175	0.160839	0.095541	0.157895	0.149533
chr2:106069153:TTTC:T	0.0	0.0	0.064205	0.002417	Extreme	0.0	0.003937	0.002786	0.002101	0.003263	0.044944	0.07027	0.073059	0.073791	0.058962
chr2:129567329:AGTATTTCACAT:A	0.0	0.0	0.06373	0.0	Easy	0.0	0.0	0.0	0.0	0.0	0.040067	0.080169	0.062745	0.069124	0.066547
chr2:137574531:TAC:T	0.0	0.0	0.078946	0.002602	Easy	0.0	0.004785	0.002681	0.002119	0.003425	0.06563	0.098958	0.079585	0.081461	0.069098
chr2:139148300:TAA:T	0.0	0.0	0.077341	0.001141	Easy	0.0	0.003953	0.0	0.0	0.001754	0.090349	0.047904	0.1	0.074074	0.07438
chr2:140550907:AG:A	0.0	0.004464	0.075218	0.0	Easy	0.0	0.0	0.0	0.0	0.0	0.070994	0.027473	0.098361	0.086592	0.092672
chr2:141576571:TA:T	0.0	0.0	0.080637	0.002922	Easy	0.0	0.005348	0.00303	0.002364	0.003868	0.063492	0.11236	0.088235	0.078788	0.060311
chr2:157709149:CA:C	0.0	0.041667	0.07153	0.0	Extreme	0.0	0.0	0.0	0.0	0.0	0.072041	0.070423	0.087248	0.038356	0.089583
chr2:166383144:AT:A	0.0	0.073684	0.07345	0.0	Easy	0.0	0.0	0.0	0.0	0.0	0.063025	0.101523	0.066667	0.07967	0.056364
chr2:193105126:AAAGTTTT:A	0.0	0.0	0.063961	0.0	Easy	0.0	0.0	0.0	0.0	0.0	0.057143	0.096618	0.048507	0.063063	0.054475
chr2:212040258:AT:A	0.0	0.053097	0.057795	0.0	Easy	0.0	0.0	0.0	0.0	0.0	0.046679	0.072626	0.048443	0.066879	0.054348
chr2:214242726:CA:C	0.0	0.0	0.054083	0.001398	Easy	0.0	0.0	0.002907	0.002288	0.001795	0.061776	0.033473	0.063604	0.057402	0.054159
chr3:3485189:TG:T	0.0	0.022556	0.069999	0.0	Easy	0.0	0.0	0.0	0.0	0.0	0.081481	0.065359	0.062271	0.068235	0.07265
chr3:5870566:CG:C	0.0	0.154412	0.0732	0.002791	Easy	0.0	0.0	0.005988	0.004454	0.003515	0.081181	0.063218	0.080851	0.064267	0.076482
chr3:56805612:GA:G	0.0	0.0	0.072773	0.001957	Easy	0.0	0.0	0.004762	0.003565	0.001458	0.083467	0.058036	0.060071	0.086168	0.076125
chr3:71085312:TA:T	0.0	0.071749	0.0346	0.002829	Difficult	0.0	0.004831	0.003195	0.002421	0.003697	0.020455	0.034483	0.036036	0.030303	0.051724
chr3:105255179:AAAT:A	0.002146	0.0	0.090487	0.006137	Easy	0.0	0.007576	0.008499	0.006316	0.008292	0.084079	0.083832	0.119835	0.063063	0.101626
chr3:113037444:TGCAATGGCTGTCTTC:T	0.001754	0.0	0.056217	0.002266	Easy	0.006098	0.003401	0.0	0.001832	0.0	0.041411	0.060345	0.06734	0.067653	0.044335
chr3:117406078:AT:A	0.0	0.016064	0.061641	0.0	Easy	0.0	0.0	0.0	0.0	0.0	0.073684	0.046875	0.051502	0.061765	0.07438
chr3:139232075:AG:A	0.0	0.0	0.074101	0.0	Easy	0.0	0.0	0.0	0.0	0.0	0.062868	0.084746	0.06639	0.102151	0.054348
chr3:145400037:AGT:A	0.0	0.023333	0.071861	0.00038	Easy	0.0	0.0	0.0	0.0	0.001898	0.099415	0.056604	0.052381	0.070822	0.080082
chr3:155893126:TC:T	0.0	0.0	0.05281	0.0	Easy	0.0	0.0	0.0	0.0	0.0	0.062847	0.048246	0.035842	0.051351	0.065764
chr3:161887029:TA:T	0.0	0.047059	0.069354	0.0	Easy	0.0	0.0	0.0	0.0	0.0	0.083532	0.069444	0.057252	0.055147	0.081395
chr3:172127430:GT:G	0.0	0.008547	0.067184	0.0	Easy	0.0	0.0	0.0	0.0	0.0	0.055147	0.074074	0.062937	0.070175	0.073585
chr4:31901168:AT:A	0.0	0.0	0.030375	0.0	Easy	0.0	0.0	0.0	0.0	0.0	0.018908	0.051402	0.016194	0.041916	0.023454
chr4:62000754:AT:A	0.0	0.075472	0.069346	0.0	Easy	0.0	0.0	0.0	0.0	0.0	0.09589	0.055556	0.039683	0.097035	0.058568
chr4:63833763:CATTT:C	0.0	0.0	0.065524	0.001348	Easy	0.0	0.0	0.002809	0.00216	0.001773	0.096364	0.055276	0.035294	0.070621	0.070064
chr4:86442683:GT:G	0.001953	0.03913	0.22336	0.008873	Easy	0.0	0.014085	0.011905	0.009217	0.009158	0.195205	0.230769	0.238095	0.229226	0.223507
chr4:107448228:GT:G	0.0	0.004	0.060811	0.0	Easy	0.0	0.0	0.0	0.0	0.0	0.07554	0.058252	0.043478	0.069705	0.057082
chr4:126833479:TC:T	0.0	0.0	0.076425	0.002667	Easy	0.0	0.0	0.005618	0.004219	0.003497	0.06705	0.080925	0.104418	0.063325	0.066406
chr4:143903815:AAT:A	0.0	0.0	0.026711	0.0	Extreme	0.0	0.0	0.0	0.0	0.0	0.030364	0.026042	0.031621	0.020528	0.025
chr4:155539948:CT:C	0.0	0.0	0.069026	0.0	Easy	0.0	0.0	0.0	0.0	0.0	0.051852	0.098958	0.053191	0.0625	0.078629
chr4:163904452:TA:T	0.0	0.012245	0.083465	0.0	Easy	0.0	0.0	0.0	0.0	0.0	0.071154	0.108247	0.069959	0.064516	0.103448
chr4:168467621:TAAAACAGA:T	0.0	0.0	0.053551	0.002514	Easy	0.0	0.004237	0.002732	0.002141	0.00346	0.051793	0.052632	0.040441	0.066327	0.056561
chr4:185671584:CA:C	0.0	0.060714	0.075045	0.002139	Easy	0.0	0.004132	0.00277	0.002101	0.001692	0.09364	0.091892	0.057803	0.085333	0.046559
chr5:9021312:AT:A	0.0	0.034483	0.069011	0.00543	Easy	0.0	0.008584	0.005618	0.006303	0.006645	0.068908	0.086124	0.068841	0.059701	0.061483
chr5:19553826:GT:G	0.0	0.006452	0.079574	0.001705	Easy	0.0	0.0	0.003559	0.002755	0.002212	0.062344	0.115854	0.065574	0.071429	0.082667
chr5:20240833:GA:G	0.0	0.058824	0.081058	0.0	Easy	0.0	0.0	0.0	0.0	0.0	0.075901	0.075758	0.092784	0.087079	0.07377
chr5:24456060:ACCT:A	0.0	0.0	0.074443	0.0	Easy	0.0	0.0	0.0	0.0	0.0	0.077748	0.017544	0.097959	0.082192	0.096774
chr5:52517922:CT:C	0.0	0.0	0.077548	0.0	Easy	0.0	0.0	0.0	0.0	0.0	0.066406	0.046154	0.074906	0.111639	0.088636
chr5:56975107:TTTC:T	0.0	0.0	0.07944	0.003268	Easy	0.008547	0.004082	0.0	0.002079	0.001631	0.056911	0.128319	0.07037	0.076543	0.065056
chr5:81599738:GC:G	0.0	0.007576	0.068531	0.0	Easy	0.0	0.0	0.0	0.0	0.0	0.05609	0.057416	0.076923	0.052632	0.099593
chr5:94225787:AGT:A	0.0	0.0	0.159104	0.00436	Easy	0.007299	0.004	0.00289	0.004193	0.003419	0.133858	0.150685	0.192453	0.150538	0.167984
chr5:96582751:TA:T	0.0	0.0	0.024793	0.0	Easy	0.0	0.0	0.0	0.0	0.0	0.015789	0.027778	0.044304	0.018617	0.017476
chr5:110180069:GA:G	0.0	0.071429	0.067037	0.0	Easy	0.0	0.0	0.0	0.0	0.0	0.063366	0.058201	0.058824	0.074792	0.08
chr5:134610928:AG:A	0.0	0.0	0.075578	0.002796	Difficult	0.0	0.0	0.006231	0.004348	0.003401	0.06446	0.0837	0.09292	0.079823	0.056985
chr5:138000213:CG:C	0.0	0.0	0.078031	0.0	Easy	0.0	0.0	0.0	0.0	0.0	0.066929	0.098655	0.070312	0.071599	0.082661
chr5:147681375:TC:T	0.0	0.031746	0.067521	0.0	Easy	0.0	0.0	0.0	0.0	0.0	0.064338	0.053659	0.048193	0.098039	0.073375
chr5:160414092:TAA:T	0.0	0.0	0.059784	0.0	Easy	0.0	0.0	0.0	0.0	0.0	0.061483	0.036437	0.063197	0.077803	0.06
chr5:179410035:AG:A	0.0	0.0	0.069376	0.003631	Easy	0.009615	0.004545	0.0	0.002232	0.001761	0.054054	0.07772	0.05948	0.073059	0.082569
chr6:44205274:CA:C	0.0	0.0	0.073396	0.00263	Easy	0.0	0.0	0.005602	0.004219	0.003328	0.068311	0.103604	0.060201	0.081933	0.05293
chr6:63164762:GA:G	0.0	0.0	0.063423	0.000294	Extreme	0.0	0.0	0.0	0.0	0.001471	0.073501	0.049107	0.068376	0.064655	0.061475
chr6:65262084:TA:T	0.0	0.005376	0.071709	0.0	Easy	0.0	0.0	0.0	0.0	0.0	0.054217	0.066667	0.080645	0.075472	0.081545
chr6:92791976:CAATAAATA:C	0.0	0.0	0.048466	0.001507	Extreme	0.0	0.0	0.003247	0.002358	0.001931	0.037445	0.062893	0.043321	0.015152	0.083521
chr6:128699107:GA:G	0.0	0.059259	0.060581	0.0	Easy	0.0	0.0	0.0	0.0	0.0	0.07197	0.027174	0.064885	0.076503	0.062374
chr6:138248969:AT:A	0.0	0.0	0.074328	0.001332	Easy	0.0	0.0	0.002841	0.002114	0.001704	0.055184	0.100478	0.088435	0.06993	0.057613
chr7:9756729:TA:T	0.0	0.084559	0.045174	0.001499	Easy	0.0	0.0	0.003175	0.002387	0.001931	0.060543	0.04386	0.017986	0.065744	0.037736
chr7:15135823:CT:C	0.002364	0.067568	0.088333	0.001322	Easy	0.0	0.004739	0.0	0.0	0.001873	0.093361	0.081967	0.066667	0.112805	0.086864
chr7:20103300:GA:G	0.0	0.051095	0.071988	0.0	Easy	0.0	0.0	0.0	0.0	0.0	0.070281	0.068807	0.06689	0.075377	0.078585
chr7:31258833:TAGTC:T	0.0	0.0	0.065179	0.0	Easy	0.0	0.0	0.0	0.0	0.0	0.077799	0.02994	0.06639	0.082547	0.069217
chr7:34641728:AT:A	0.0	0.053942	0.044084	0.0	Easy	0.0	0.0	0.0	0.0	0.0	0.042553	0.019802	0.045977	0.063452	0.048638
chr7:40809623:AT:A	0.0	0.0	0.063636	0.0	Easy	0.0	0.0	0.0	0.0	0.0	0.062615	0.081081	0.055336	0.064972	0.054176
chr7:80761721:AT:A	0.0	0.045977	0.067554	0.0	Easy	0.0	0.0	0.0	0.0	0.0	0.058233	0.05	0.091304	0.070988	0.067245
chr7:81201236:GACTTCTCAAGTGATGCAA:G	0.0	0.0	0.11757	0.002966	Easy	0.0	0.004237	0.00289	0.00432	0.003384	0.106713	0.151111	0.087912	0.118203	0.123909
chr7:84556296:GT:G	0.0	0.080702	0.066894	0.003713	Easy	0.0	0.0	0.007673	0.006	0.004894	0.073214	0.072034	0.036789	0.071823	0.08061
chr7:86542734:GAAT:G	0.0	0.0	0.158489	0.0	Easy	0.0	0.0	0.0	0.0	0.0	0.142086	0.117021	0.179856	0.200617	0.152866
chr7:104695123:AT:A	0.003976	0.061611	0.024532	0.004191	Easy	0.007353	0.003663	0.002793	0.003953	0.003195	0.025424	0.028	0.023333	0.027211	0.018692
chr7:113708919:TC:T	0.0	0.0	0.08275	0.00133	Easy	0.0	0.0	0.00277	0.002092	0.001786	0.042339	0.094787	0.102473	0.085443	0.08871
chr7:128749706:AT:A	0.0	0.01875	0.054805	0.0	Easy	0.0	0.0	0.0	0.0	0.0	0.052448	0.044715	0.062069	0.066015	0.04878
chr7:136359203:GA:G	0.0	0.051771	0.071804	0.0	Easy	0.0	0.0	0.0	0.0	0.0	0.056385	0.073059	0.087719	0.062176	0.079681
chr7:136631606:CT:C	0.0	0.033333	0.21052	0.010262	Easy	0.008772	0.0	0.017442	0.012987	0.012111	0.226381	0.165049	0.181495	0.244382	0.235294
chr7:139694052:CT:C	0.0	0.021212	0.078892	0.001175	Easy	0.0	0.004237	0.0	0.0	0.001639	0.077052	0.088235	0.085502	0.060046	0.083624
chr7:145599285:TA:T	0.0	0.058366	0.07279	0.00474	Easy	0.009009	0.008584	0.0	0.002347	0.003759	0.067437	0.069652	0.062937	0.059347	0.104575
chr8:10928191:TGCTGTGGGGCCCGGACGGG:T	0.0	0.0	0.107226	0.0	Easy	0.0	0.0	0.0	0.0	0.0	0.082721	0.132	0.118012	0.109937	0.093458
chr8:11843852:GAAATCCTGTATGTACTTAA:G	0.0	0.0	0.036233	0.0	Difficult	0.0	0.0	0.0	0.0	0.0	0.036309	0.010381	0.040816	0.049632	0.044025
chr8:35976491:CTCAT:C	0.0	0.0	0.082592	0.002136	Easy	0.0	0.005405	0.003215	0.0	0.002058	0.06422	0.113636	0.085616	0.071429	0.078059
chr8:62616748:CAT:C	0.0	0.0	0.075686	0.0	Easy	0.0	0.0	0.0	0.0	0.0	0.051471	0.085714	0.09434	0.083117	0.063786
chr8:84639561:AG:A	0.0	0.0	0.072463	0.0	Easy	0.0	0.0	0.0	0.0	0.0	0.080844	0.055249	0.088737	0.071233	0.066253
chr8:95455260:CT:C	0.0	0.075472	0.061252	0.003095	Easy	0.007692	0.004049	0.0	0.002123	0.00161	0.059041	0.042017	0.077778	0.050802	0.076621
chr8:110292930:GT:G	0.0	0.078704	0.057105	0.003002	Easy	0.0	0.0	0.006472	0.004684	0.003854	0.057426	0.04878	0.047101	0.063187	0.06903
chr8:112210333:TTA:T	0.0	0.0	0.084927	0.007775	Easy	0.018349	0.004348	0.005952	0.006565	0.003663	0.054845	0.105505	0.110169	0.080495	0.07362
chr8:113639375:CA:C	0.0	0.033019	0.049223	0.0	Easy	0.0	0.0	0.0	0.0	0.0	0.041322	0.056701	0.053381	0.037736	0.056974
chr8:114138275:TA:T	0.0	0.009804	0.0568	0.0	Easy	0.0	0.0	0.0	0.0	0.0	0.059048	0.073171	0.04	0.049853	0.061927
chr8:119451113:AT:A	0.0	0.044776	0.0545	0.0	Easy	0.0	0.0	0.0	0.0	0.0	0.054581	0.045685	0.041825	0.066015	0.064394
chr8:142998268:CAAACAAA:C	0.0	0.0	0.066014	0.001125	Easy	0.0	0.0	0.002358	0.001808	0.00146	0.061157	0.088235	0.042403	0.063525	0.074751
chr8:143544405:TC:T	0.0	0.02	0.018738	0.0	Easy	0.0	0.0	0.0	0.0	0.0	0.017699	0.034483	0.008584	0.020755	0.01217
chr9:4087232:TA:T	0.0	0.00813	0.018769	0.0	Easy	0.0	0.0	0.0	0.0	0.0	0.022375	0.009709	0.024096	0.012903	0.024762
chr9:19016757:AT:A	0.0	0.040816	0.190623	0.014309	Easy	0.0	0.007874	0.025445	0.021484	0.016743	0.186792	0.181818	0.184739	0.215385	0.184382
chr9:32281748:GC:G	0.0	0.0	0.082877	0.00121	Easy	0.0	0.004348	0.0	0.0	0.001701	0.076087	0.072464	0.092784	0.106771	0.066277
chr9:42839244:GA:G	0.0	0.070707	0.059528	0.0	Extreme	0.0	0.0	0.0	0.0	0.0	0.074951	0.051402	0.045833	0.068493	0.056962
chr9:78642646:GA:G	0.0	0.012876	0.065027	0.0	Easy	0.0	0.0	0.0	0.0	0.0	0.0681	0.079365	0.050209	0.061047	0.066414
chr9:102596142:GT:G	0.0	0.017021	0.025431	0.0	Extreme	0.0	0.0	0.0	0.0	0.0	0.015968	0.031414	0.03719	0.018462	0.024123
chr9:102596477:ATTGATTC:A	0.0	0.0	0.021447	0.0	Extreme	0.0	0.0	0.0	0.0	0.0	0.019097	0.019231	0.023585	0.013369	0.031955
chr9:108221470:AT:A	0.0	0.0	0.065639	0.0	Easy	0.0	0.0	0.0	0.0	0.0	0.061433	0.06	0.060714	0.075362	0.070686
chr9:120657473:CCTTT:C	0.0	0.0	0.065184	0.002451	Easy	0.0	0.0	0.005115	0.004032	0.003106	0.050736	0.055319	0.080808	0.075567	0.063492
chr9:122577178:CT:C	0.0	0.068807	0.068662	0.0	Easy	0.0	0.0	0.0	0.0	0.0	0.070085	0.045249	0.088889	0.082667	0.05642
chr9:133745529:AT:A	0.0	0.0	0.062963	0.001302	Extreme	0.0	0.0	0.00274	0.002079	0.001689	0.064632	0.051282	0.08871	0.03876	0.071429
chr9:133888246:TGG:T	0.0	0.0	0.057962	0.0	Easy	0.0	0.0	0.0	0.0	0.0	0.070018	0.045082	0.046875	0.059891	0.067944
chr10:2498553:GGAA:G	0.0	0.0	0.062559	0.0	Easy	0.0	0.0	0.0	0.0	0.0	0.054614	0.065421	0.041353	0.078431	0.072978
chr10:31713841:TC:T	0.0	0.059322	0.067901	0.0	Extreme	0.0	0.0	0.0	0.0	0.0	0.066532	0.090909	0.049505	0.076087	0.056471
chr10:121758433:TA:T	0.0	0.055556	0.082497	0.001604	Easy	0.0	0.004348	0.0	0.002058	0.001616	0.067708	0.089623	0.100358	0.064815	0.08998
chr11:1733666:ATCT:A	0.0	0.0	0.075476	0.0	Easy	0.0	0.0	0.0	0.0	0.0	0.062963	0.096591	0.114155	0.047619	0.056054
chr11:11152897:CT:C	0.0	0.088235	0.02766	0.003692	Easy	0.0	0.0	0.007538	0.005964	0.004959	0.022388	0.027907	0.035019	0.028497	0.02449
chr11:13138856:CAACAAA:C	0.0	0.0	0.052772	0.0	Extreme	0.0	0.0	0.0	0.0	0.0	0.052539	0.068493	0.037313	0.05379	0.051724
chr11:17484118:GTTCTT:G	0.0	0.0	0.078877	0.0	Easy	0.0	0.0	0.0	0.0	0.0	0.082437	0.060729	0.084507	0.080882	0.085828
chr11:24060505:CT:C	0.0	0.011494	0.070258	0.002857	Difficult	0.0	0.004854	0.003165	0.002375	0.003891	0.06621	0.046053	0.079295	0.091892	0.067839
chr11:28901303:CA:C	0.0	0.0	0.059579	0.0	Easy	0.0	0.0	0.0	0.0	0.0	0.075368	0.035354	0.079545	0.068047	0.039583
chr11:38377629:GA:G	0.0	0.061111	0.072701	0.002554	Easy	0.0	0.008889	0.0	0.0	0.003883	0.072727	0.089888	0.071217	0.056338	0.073333
chr11:41228040:TC:T	0.0	0.0	0.072453	0.00133	Easy	0.0	0.004762	0.0	0.0	0.00189	0.068966	0.065327	0.057851	0.081232	0.088889
chr11:97289695:ATT:A	0.0	0.0	0.08027	0.0	Easy	0.0	0.0	0.0	0.0	0.0	0.064762	0.117949	0.076923	0.075802	0.065913
chr12:208184:AACATCC:A	0.0	0.0	0.067551	0.000899	Easy	0.0	0.003125	0.0	0.0	0.001372	0.069204	0.06087	0.082437	0.064865	0.060377
chr12:16256870:AT:A	0.003484	0.038889	0.199118	0.006738	Difficult	0.010417	0.005405	0.007905	0.005479	0.004484	0.171233	0.226667	0.218085	0.19802	0.181586
chr12:18501254:CTT:C	0.0	0.0	0.096554	0.0	Easy	0.0	0.0	0.0	0.0	0.0	0.077799	0.111732	0.114407	0.072115	0.106719
chr12:21666092:CA:C	0.002604	0.089888	0.074231	0.001332	Easy	0.0	0.0	0.002857	0.002146	0.001656	0.085011	0.056604	0.101626	0.062338	0.065574
chr12:38077877:AT:A	0.0	0.033149	0.082699	0.003727	Extreme	0.008621	0.003846	0.002618	0.001984	0.001567	0.09282	0.065574	0.095238	0.094444	0.065421
chr12:66388285:TA:T	0.0	0.0	0.077189	0.0	Easy	0.0	0.0	0.0	0.0	0.0	0.069892	0.073529	0.06875	0.07772	0.096055
chr12:80798676:AT:A	0.0	0.060241	0.086514	0.0	Easy	0.0	0.0	0.0	0.0	0.0	0.074135	0.138298	0.061728	0.084668	0.073741
chr12:82713849:AT:A	0.0	0.005714	0.080756	0.0	Easy	0.0	0.0	0.0	0.0	0.0	0.081238	0.115	0.066667	0.071429	0.069444
chr12:85656093:CA:C	0.0	0.053191	0.029461	0.0	Difficult	0.0	0.0	0.0	0.0	0.0	0.03876	0.035503	0.012195	0.040123	0.020725
chr12:86505207:GA:G	0.0	0.064356	0.072565	0.005561	Easy	0.0	0.0	0.011429	0.009091	0.007286	0.042194	0.082126	0.085409	0.075	0.078095
chr12:89274329:AT:A	0.0	0.005376	0.089359	0.001488	Difficult	0.0	0.0	0.003135	0.002364	0.001942	0.084016	0.041237	0.105263	0.123494	0.092784
chr12:127722389:TA:T	0.002688	0.065934	0.147426	0.007326	Extreme	0.019608	0.009009	0.0	0.002299	0.005714	0.129845	0.16309	0.175214	0.127371	0.141612
chr13:30200777:GT:G	0.0	0.0	0.083836	0.00125	Easy	0.0	0.0	0.002632	0.001992	0.001626	0.092527	0.080169	0.086331	0.080357	0.079796
chr13:48115347:AT:A	0.0	0.075581	0.059583	0.002264	Easy	0.0	0.007968	0.0	0.0	0.00335	0.062395	0.042453	0.07173	0.057592	0.063745
chr13:57126932:TA:T	0.0	0.0	0.085632	0.0	Easy	0.0	0.0	0.0	0.0	0.0	0.097744	0.073529	0.083582	0.093939	0.079365
chr13:61814512:GA:G	0.0	0.052941	0.080666	0.001508	Easy	0.0	0.0	0.003135	0.002427	0.00198	0.112754	0.0553	0.070588	0.099698	0.06499
chr13:73332481:GAT:G	0.0	0.004831	0.043556	0.0	Easy	0.0	0.0	0.0	0.0	0.0	0.034991	0.029851	0.054152	0.046703	0.052083
chr13:93239231:AT:A	0.0	0.045198	0.055515	0.003538	Easy	0.009091	0.004545	0.0	0.002273	0.001779	0.084189	0.040609	0.04947	0.047619	0.05569
chr13:106193100:CG:C	0.0	0.0	0.08276	0.0	Easy	0.0	0.0	0.0	0.0	0.0	0.085653	0.071066	0.096386	0.093567	0.06713
chr13:110096803:TG:T	0.0	0.02551	0.016432	0.0	Easy	0.0	0.0	0.0	0.0	0.0	0.010811	0.010526	0.033898	0.010504	0.016423
chr14:22365063:GACAA:G	0.0	0.0	0.077999	0.001237	Extreme	0.0	0.0	0.002584	0.002008	0.001592	0.060127	0.107623	0.071429	0.075862	0.074954
chr14:23811751:TTGTAGTGGTC:T	0.0	0.0	0.055663	0.0	Easy	0.0	0.0	0.0	0.0	0.0	0.050633	0.032847	0.05814	0.071121	0.065574
chr14:41203582:TA:T	0.0	0.010256	0.081054	0.0	Easy	0.0	0.0	0.0	0.0	0.0	0.072527	0.069519	0.08	0.111465	0.071759
chr14:43325365:CTA:C	0.0	0.0	0.239627	0.004508	Easy	0.008475	0.008032	0.0	0.002404	0.00363	0.237168	0.293103	0.184426	0.251613	0.231827
chr14:47354468:TA:T	0.0	0.010471	0.071603	0.001429	Easy	0.0	0.0	0.002967	0.002294	0.001883	0.07045	0.061033	0.055556	0.07563	0.095344
chr14:53508773:GCTAATTAA:G	0.0	0.0	0.021022	0.00463	Easy	0.0	0.0	0.010724	0.005976	0.006452	0.010135	0.051064	0.024735	0.009412	0.009766
chr14:65626063:GA:G	0.0	0.0	0.066837	0.0	Easy	0.0	0.0	0.0	0.0	0.0	0.073786	0.063492	0.061947	0.075145	0.059813
chr14:81023582:AT:A	0.0	0.0	0.047617	0.0	Easy	0.0	0.0	0.0	0.0	0.0	0.057922	0.023585	0.038136	0.065274	0.05317
chr14:82428228:AT:A	0.0	0.058511	0.07502	0.001076	Easy	0.0	0.003704	0.0	0.0	0.001675	0.073801	0.047368	0.066667	0.093333	0.093933
chr14:89816946:GA:G	0.0	0.030457	0.076678	0.0	Easy	0.0	0.0	0.0	0.0	0.0	0.075731	0.084615	0.056886	0.098361	0.067797
chr14:91524726:GAGCCACCACACCC:G	0.0	0.0	0.056161	0.0	Difficult	0.0	0.0	0.0	0.0	0.0	0.07401	0.06278	0.04902	0.065116	0.02988
chr14:98119056:GC:G	0.0	0.0	0.076841	0.005023	Easy	0.009091	0.004425	0.003226	0.004608	0.003766	0.06982	0.064171	0.105431	0.084034	0.060748
chr15:43410053:CAT:C	0.0	0.0	0.071914	0.002563	Easy	0.0	0.0	0.005525	0.00409	0.0032	0.058419	0.052402	0.077551	0.099768	0.071429
chr15:61793083:AT:A	0.0	0.066667	0.059159	0.0	Easy	0.0	0.0	0.0	0.0	0.0	0.053422	0.069149	0.053719	0.053097	0.066406
chr15:91160815:GA:G	0.0	0.107884	0.073985	0.000348	Easy	0.0	0.0	0.0	0.0	0.001739	0.062963	0.0625	0.113475	0.053619	0.077369
chr15:98261791:AG:A	0.0	0.0	0.078169	0.0	Difficult	0.0	0.0	0.0	0.0	0.0	0.074747	0.106509	0.054795	0.069825	0.084967
chr16:20194856:AT:A	0.0	0.055276	0.066111	0.00312	Easy	0.007752	0.004098	0.0	0.002066	0.001684	0.061404	0.073276	0.068	0.05531	0.072566
chr16:48736388:TA:T	0.0	0.0	0.083973	0.002551	Easy	0.0	0.0	0.00542	0.004024	0.003311	0.050788	0.113122	0.066445	0.083538	0.105973
chr16:59364242:GA:G	0.0	0.039216	0.154082	0.000818	Extreme	0.0	0.0	0.0	0.002294	0.001795	0.154143	0.172414	0.115079	0.154062	0.174713
chr16:65044457:AT:A	0.0	0.041322	0.154834	0.005289	Easy	0.010101	0.00463	0.003205	0.004728	0.003781	0.131429	0.199029	0.130435	0.158209	0.15507
chr17:12631386:TA:T	0.0	0.053254	0.228784	0.011155	Easy	0.027273	0.00885	0.005814	0.00655	0.007286	0.235756	0.204878	0.222615	0.21988	0.260791
chr18:64625764:CA:C	0.0	0.05	0.056532	0.003761	Easy	0.0	0.004219	0.006431	0.004494	0.003663	0.072664	0.02	0.056277	0.069277	0.064444
chr18:66158332:AG:A	0.0	0.0	0.02706	0.0	Easy	0.0	0.0	0.0	0.0	0.0	0.019194	0.027027	0.02	0.031519	0.037559
chr18:75720227:TTGTAA:T	0.0	0.0	0.080025	0.00125	Easy	0.0	0.0	0.002717	0.00198	0.001553	0.07931	0.042654	0.113402	0.08867	0.076087
chr19:18669698:CGT:C	0.0	0.0	0.074349	0.00117	Easy	0.0	0.0	0.002488	0.00188	0.001481	0.073394	0.066667	0.096774	0.074597	0.060311
chr19:51783191:TG:T	0.0	0.0	0.035926	0.00038	Easy	0.0	0.0	0.0	0.0	0.001898	0.046771	0.02907	0.045113	0.02521	0.033465
chr19:56113425:TC:T	0.0	0.0	0.084768	0.0	Easy	0.0	0.0	0.0	0.0	0.0	0.07767	0.096591	0.093617	0.07441	0.081553
chr20:11455690:TA:T	0.0	0.064885	0.088308	0.0	Easy	0.0	0.0	0.0	0.0	0.0	0.120983	0.07362	0.072917	0.069767	0.104255
chr20:20716862:CCAT:C	0.0	0.0	0.081457	0.0	Easy	0.0	0.0	0.0	0.0	0.0	0.077409	0.089623	0.050473	0.101781	0.088
chr20:35979760:CA:C	0.0	0.0	0.078903	0.00422	Easy	0.007576	0.004	0.002632	0.003824	0.003067	0.073456	0.067265	0.071429	0.097222	0.085142
chr21:20742002:GT:G	0.0	0.021277	0.064415	0.002395	Easy	0.0	0.0	0.005682	0.004474	0.001818	0.060417	0.037267	0.099174	0.051988	0.073227
chr21:21287065:GC:G	0.0	0.0	0.021376	0.000366	Easy	0.0	0.0	0.0	0.0	0.001832	0.020755	0.034653	0.011719	0.022013	0.017738
chr21:23937490:CAAATT:C	0.0	0.0	0.070124	0.0	Easy	0.0	0.0	0.0	0.0	0.0	0.077758	0.069767	0.03876	0.089286	0.075051
chr21:41008438:CTT:C	0.0	0.0	0.059025	0.001331	Easy	0.0	0.0	0.002793	0.002151	0.001709	0.053846	0.041237	0.053846	0.074766	0.071429
chr22:25773075:AAC:A	0.0	0.0	0.068438	0.0	Easy	0.0	0.0	0.0	0.0	0.0	0.061837	0.089202	0.05364	0.065268	0.072243
chr22:36833117:ACG:A	0.0	0.005291	0.048183	0.001186	Extreme	0.0	0.0	0.002564	0.001876	0.00149	0.044	0.057292	0.04	0.051081	0.048544
chr22:44346449:CT:C	0.001835	0.055215	0.072813	0.0	Extreme	0.0	0.0	0.0	0.0	0.0	0.059671	0.078261	0.082609	0.068282	0.075243
chrX:5018634:GC:G	0.0	0.031646	0.166733	0.0	Easy	0.0	0.0	0.0	0.0	0.0	0.142857	0.130952	0.194631	0.194286	0.17094
chrX:48903189:TACACA:T	0.0	0.0	0.144414	0.0	Easy	0.0	0.0	0.0	0.0	0.0	0.130293	0.173913	0.174497	0.104478	0.138889
chrX:80465721:CA:C	0.0	0.017241	0.064257	0.001564	Difficult	0.0	0.0	0.0	0.004444	0.003378	0.054608	0.057143	0.046154	0.084211	0.079167
chrX:88080143:TA:T	0.0	0.0	0.452627	0.060762	Easy	0.057143	0.05	0.067797	0.068493	0.060377	0.446565	0.45679	0.440367	0.471831	0.447581
chrX:92470120:AATTT:A	0.0	0.0	0.155401	0.009445	Easy	0.019608	0.008772	0.006061	0.009174	0.00361	0.193833	0.151786	0.14	0.122093	0.169291
chrX:108906833:CA:C	0.0	0.043165	0.143008	0.002138	Extreme	0.0	0.007463	0.0	0.0	0.003226	0.125828	0.076087	0.16	0.209756	0.143369
chrX:113059172:CA:C	0.0	0.043796	0.144309	0.0	Easy	0.0	0.0	0.0	0.0	0.0	0.129771	0.216867	0.106061	0.12782	0.141026
chrX:138561831:CTT:C	0.0	0.0	0.123951	0.011117	Easy	0.016129	0.009524	0.010695	0.012295	0.006944	0.113879	0.134021	0.144144	0.123711	0.104
chrX:143735090:CA:C	0.0	0.00885	0.159658	0.0	Easy	0.0	0.0	0.0	0.0	0.0	0.176923	0.12381	0.141732	0.222222	0.133603
chrX:152021024:ATAAAT:A	0.0	0.0	0.062715	0.0	Easy	0.0	0.0	0.0	0.0	0.0	0.030405	0.026667	0.147287	0.034653	0.074561
chrY:6062688:CA:C	0.0	0.0	0.113566	0.0	Extreme	0.0	0.0	0.0	0.0	0.0	0.12605	0.141791	0.093617	0.091575	0.114796
chrY:20977209:AAAGGATT:A	0.0	0.0	0.040912	0.0	Easy	0.0	0.0	0.0	0.0	0.0	0.05614	0.052174	0.029197	0.028736	0.038314
chrY:26598068:CA:C	0.0	0.0	0.161257	0.0	Difficult	0.0	0.0	0.0	0.0	0.0	0.118421	0.211268	0.143713	0.153846	0.179039
